PO_Number	ProductCode	RecordType	OrderQuantity	OrderUM	PricingUM	ReceiptDate	UnitPrice	EstWeight	WeightReceived	AltQuantityReceived	EstAltQuantity	EstPrcQuantity	PrcQuantityReceived	AmountInvoiced	Description1	Description2	ProductText1	ProductText2
         2	  1368-1-01	0	60	BX 	LB 	09/09/2005	9.18	3488.37	0	0	60	3488.37	0	0	                              	                              	                              	                              
         2	     0-0-00	1	0	   	   	00/00/0000	0	0	0	0	0	0	0	0	LOT 100                       	                              	                              	             
         2	  2009-1-01	0	100	BX 	LB 	09/09/2005	5.55	7100.26	0	0	100	7100.26	0	0	                              	                              	                              	                              
         2	     0-0-00	1	0	   	   	00/00/0000	0	0	0	0	0	0	0	0	LOT 188                       	                              	                              	             
         4	  1634-1-01	0	75	BX 	LB 	03/10/2005	6.95	5625.14	5462.4	75	75	5625.14	5462.4	0	                              	                              	                              	                              
       888	  2304-1-01	0	1	BX 	LB 	02/03/2005	1.86	60	59.5	1	1	60	59.5	0	                              	                              	                              	                              
       995	  2304-1-01	0	1	BX 	LB 	01/17/2005	1.72	60	59.3	1	1	60	59.3	0	                              	                              	                              	                              
       997	  2304-1-01	0	1	BX 	LB 	01/17/2005	1.72	60	59.3	1	1	60	59.3	0	                              	                              	                              	                              
       999	  2304-1-01	0	1	BX 	LB 	01/17/2005	1.72	60	59.3	1	1	60	59.3	0	                              	                              	                              	                              
      1232	   178-1-01	0	5	EA 	EA 	00/00/0000	44.2	5	0	0	5	5	0	0	                              	                              	                              	                              
      1312	  1312-1-01	0	20	BX 	LB 	05/05/2005	4.45	200	200	20	20	200	200	890	                              	                              	                              	                              
      1312	  1313-1-01	0	8	BX 	LB 	05/05/2005	4.55	80	80	8	8	80	80	364	                              	                              	                              	                              
      1368	  1368-1-01	0	60	BX 	LB 	11/08/2005	7.35	3488.37	0	0	60	3488.37	0	0	                              	                              	                              	                              
      1368	     0-0-00	1	0	   	   	00/00/0000	0	0	0	0	0	0	0	0	lot 5                         	                              	                              	           
      1703	  1703-1-06	0	100	BX 	LB 	00/00/0000	3.25	1200	0	0	100	1200	0	0	                              	                              	                              	                              
      1703	  4317-1-06	0	250	BX 	LB 	00/00/0000	3.45	2500	0	0	250	2500	0	0	                              	                              	                              	                              
      1703	  4403-1-06	0	150	BX 	LB 	00/00/0000	4.25	1575	0	0	150	1575	0	0	                              	                              	                              	                              
      1703	  4305-1-06	0	50	BX 	LB 	00/00/0000	9.75	500	0	0	50	500	0	0	                              	                              	                              	                              
      1703	  4316-1-06	0	50	BX 	LB 	00/00/0000	10.5	500	0	0	50	500	0	0	                              	                              	                              	                              
      1703	  5279-1-06	0	100	BX 	LB 	00/00/0000	10.5	1050	0	0	100	1050	0	0	                              	                              	                              	                              
      1703	  4658-1-06	0	100	BX 	LB 	00/00/0000	1.85	1000	0	0	100	1000	0	0	                              	                              	                              	                              
      4201	  4201-1-01	0	6	BX 	LB 	00/00/0000	12.75	84	0	0	6	84	0	0	                              	                              	                              	                              
      4208	  4208-1-01	0	20	BX 	LB 	00/00/0000	2.55	400	0	0	20	400	0	0	                              	                              	                              	                              
      4208	     0-0-00	1	0	   	   	00/00/0000	0	0	0	0	0	0	0	0	lamb back special order       	FOR MCGRAW                    	                              	         
      4208	 99999-1-01	0	1	BX 	LB 	00/00/0000	6.25	1	0	0	1	1	0	0	                              	                              	                              	                              
      4318	  4318-1-01	0	5	BX 	LB 	00/00/0000	1.55	250	0	0	5	250	0	0	                              	                              	                              	                              
      5509	  5509-1-01	0	5	BX 	LB 	00/00/0000	9	320	0	0	5	320	0	0	                              	                              	                              	                              
      5509	  1019-1-01	0	1	BX 	LB 	00/00/0000	1	10	0	0	1	10	0	0	                              	                              	                              	                              
      5509	  4202-1-01	0	5	BX 	LB 	00/00/0000	5.25	100	0	0	5	100	0	0	                              	                              	                              	                              
      5509	  4327-1-01	0	2	BX 	LB 	00/00/0000	12.35	27	0	0	2	27	0	0	                              	                              	                              	                              
      5551	  5551-1-01	0	180	BX 	LB 	02/24/2006	10.4	4680.07	0	0	180	4680.07	0	0	                              	                              	                              	                              
      6405	  6405-1-01	0	100	BX 	LB 	00/00/0000	1.66	1500.02	0	0	100	1500.02	0	0	                              	                              	                              	                              
      7157	  1263-1-01	0	125	BX 	LB 	00/00/0000	2.75	1250	0	0	125	1250	0	0	                              	                              	                              	                              
      8078	  6299-1-01	0	10	X  	LB 	00/00/0000	3.47	10	0	0	0.32	10	0	0	                              	                              	                              	                              
      8415	 31128-1-01	0	2	BX 	LB 	00/00/0000	1.6	130.01	0	0	2	130.01	0	0	                              	                              	                              	                              
      8465	     0-0-00	1	0	   	   	00/00/0000	0	0	0	0	0	0	0	0	SELF INK STAMP                	FOR VINCE CUOMO               	AND INK     	     
      8465	   178-1-01	0	2	EA 	EA 	00/00/0000	124.9	2	0	0	2	2	0	0	                              	                              	                              	                              
      8465	   178-1-01	0	3	EA 	EA 	00/00/0000	3.95	3	0	0	3	3	0	0	                              	                              	                              	                              
      8465	     0-0-00	1	0	   	   	00/00/0000	0	0	0	0	0	0	0	0	SHIP                          	                              	                              	          
      8465	 99999-1-01	0	1	BX 	LB 	00/00/0000	26.82	1	0	0	1	1	0	0	                              	                              	                              	                              
      8879	  4029-1-01	0	10	BX 	LB 	00/00/0000	3.75	100	0	0	10	100	0	0	                              	                              	                              	                              
      8879	  5038-1-01	0	1	BX 	LB 	00/00/0000	12.75	32	0	0	1	32	0	0	                              	                              	                              	                              
      8879	  4002-1-01	0	2	BX 	LB 	00/00/0000	11.35	90	0	0	2	90	0	0	                              	                              	                              	                              
      8879	  4003-1-01	0	3	BX 	LB 	00/00/0000	5.25	135	0	0	3	135	0	0	                              	                              	                              	                              
      9070	   166-1-01	0	6	RL 	EA 	00/00/0000	207.6	6	0	0	6	6	0	0	                              	                              	                              	                              
      9070	   177-1-01	0	2	BX 	EA 	00/00/0000	77.23	2	0	0	2	2	0	0	                              	                              	                              	                              
     10930	  9068-1-01	0	3	MC 	MC 	00/00/0000	101.6	3	0	0	3	3	0	0	                              	                              	                              	                              
     11026	  7620-1-01	0	2	BX 	LB 	00/00/0000	5.25	20	0	0	2	20	0	0	                              	                              	                              	                              
     11750	  1632-1-06	0	50	BX 	LB 	00/00/0000	10.54	3750.09	0	0	50	3750.09	0	0	                              	                              	                              	                              
     12029	 43654-1-01	0	3	BX 	LB 	12/16/2005	1.96	30	30	3	3	30	30	0	                              	                              	                              	                              
     12029	 37362-1-01	0	300	PKG	LB 	12/16/2005	2.49	300	300	12	300	300	300	0	                              	                              	                              	                              
     12029	 37361-1-01	0	650	PKG	LB 	12/16/2005	2.21	650	650	26	650	650	650	0	                              	                              	                              	                              
     12029	 43622-1-01	0	3	BX 	LB 	12/16/2005	1.96	30	30	3	3	30	30	0	                              	                              	                              	                              
     12029	 41832-1-01	0	5	BX 	LB 	12/19/2005	1.94	50	250	25	5	50	250	0	                              	                              	                              	                              
     12029	 43619-1-01	0	85	BX 	LB 	12/16/2005	1.8	850	310	31	85	850	310	0	                              	                              	                              	                              
     12029	 43618-1-01	0	4	BX 	LB 	12/19/2005	1.8	40	80	8	4	40	80	0	                              	                              	                              	                              
     12029	 43661-1-01	0	13	BX 	LB 	12/16/2005	1.8	130	130	13	13	130	130	0	                              	                              	                              	                              
     12029	 43666-1-01	0	8	BX 	LB 	12/16/2005	1.8	80	80	8	8	80	80	0	                              	                              	                              	                              
     12029	 47102-1-01	0	37	BX 	LB 	12/19/2005	1.91	370	570	57	37	370	570	0	                              	                              	                              	                              
     12029	 47104-1-01	0	4	PKG	LB 	12/16/2005	1.98	20	30	6	4	20	30	0	                              	                              	                              	                              
     12029	 47108-1-01	0	40	PKG	LB 	12/16/2005	2.28	40	40	1	40	40	40	0	                              	                              	                              	                              
     12029	 43619-1-01	0	5	BX 	LB 	02/27/2006	1.8	50	0	0	5	50	0	0	                              	                              	                              	                              
     12110	 37362-1-01	0	100	PKG	LB 	09/08/2006	2.45	100	100	2	100	100	100	245	                              	                              	                              	                              
     12110	 37361-1-01	0	75	PKG	LB 	09/08/2006	1.95	75	75	2	75	75	75	146.25	                              	                              	                              	                              
     12110	 47108-1-01	0	40	PKG	LB 	09/08/2006	1.95	40	40	1	40	40	40	78	                              	                              	                              	                              
     12110	 43646-1-01	0	25	BX 	LB 	09/08/2006	1.75	250	250	25	25	250	250	437.5	                              	                              	                              	                              
     12110	 43647-1-01	0	6	BX 	LB 	09/08/2006	1.75	60	60	6	6	60	60	105	                              	                              	                              	                              
     12110	 43619-1-01	0	1	BX 	LB 	09/08/2006	1.95	10	10	1	1	10	10	19.5	                              	                              	                              	                              
     13245	  1603-1-06	0	100	BX 	LB 	00/00/0000	8.82	6000.24	0	0	100	6000.24	0	0	                              	                              	                              	                              
     13302	  1396-1-01	0	35	BX 	LB 	00/00/0000	19.74	945	0	0	35	945	0	0	                              	                              	                              	                              
     13302	 11365-1-01	0	40	BX 	LB 	00/00/0000	3.53	800	0	0	40	800	0	0	                              	                              	                              	                              
     13430	  1390-1-06	0	80	BX 	LB 	00/00/0000	4.7	4400.2	0	0	80	4400.2	0	0	                              	                              	                              	                              
     13780	  1630-1-06	0	60	BX 	LB 	00/00/0000	12.5	4560.31	0	0	60	4560.31	0	0	                              	                              	                              	                              
     13780	  2009-1-06	0	45	BX 	LB 	00/00/0000	7.25	3195.12	0	0	45	3195.12	0	0	                              	                              	                              	                              
     13957	 66351-1-03	0	6	CS 	LB 	00/00/0000	3.35	390	0	0	6	390	0	0	                              	                              	                              	                              
     13957	 66551-1-03	0	6	CS 	LB 	00/00/0000	3.35	330	0	0	6	330	0	0	                              	                              	                              	                              
     13957	 56669-1-03	0	8	CS 	LB 	00/00/0000	12.2	50	0	0	8	50	0	0	                              	                              	                              	                              
     13957	 34315-1-03	0	10	CS 	LB 	00/00/0000	8.85	105	0	0	10	105	0	0	                              	                              	                              	                              
     13957	 66470-1-03	0	8	CS 	LB 	00/00/0000	3.5	80	0	0	8	80	0	0	                              	                              	                              	                              
     13957	 56223-1-03	0	2	CS 	LB 	00/00/0000	5	2	0	0	0	2	0	0	                              	                              	                              	                              
     13957	 31106-1-03	0	5	CS 	LB 	00/00/0000	56659	250	0	0	5	250	0	0	                              	                              	                              	                              
     13957	 56679-1-03	0	5	CS 	LB 	00/00/0000	12.95	5	0	0	0	5	0	0	                              	                              	                              	                              
     13957	 66124-1-03	0	4	CS 	LB 	00/00/0000	3.65	4	0	0	4	4	0	0	                              	                              	                              	                              
     14560	  4239-1-01	0	30	BX 	LB 	09/12/2006	6.25	360	323.7	1	30	360	323.7	2023.13	                              	                              	                              	                              
     14560	  2252-1-01	0	21	BX 	LB 	09/12/2006	7.5	315	441.8	21	21	315	441.8	3313.5	                              	                              	                              	                              
     15739	 43739-1-01	0	30	BX 	LB 	04/14/2006	1.68	300	300	30	30	300	300	0	                              	                              	                              	                              
     15739	 43601-1-01	0	50	BX 	LB 	04/14/2006	1.68	500	510	51	50	500	510	0	                              	                              	                              	                              
     15739	 47132-1-01	0	15	BX 	LB 	04/14/2006	1.68	300	200	10	15	300	200	0	                              	                              	                              	                              
     15948	 35248-1-03	0	52	CS 	LB 	00/00/0000	17.26	585	0	0	52	585	0	0	                              	                              	                              	                              
     15950	  6651-1-01	0	40	BX 	LB 	00/00/0000	3.35	1200.01	0	0	40	1200.01	0	0	                              	                              	                              	                              
     16805	 46811-2-03	0	20	CS 	LB 	00/00/0000	2.2	800	0	0	20	800	0	0	                              	                              	                              	                              
     18994	   195-1-01	0	1	BX 	EA 	12/13/2004	89.91	1	0	1	1	1	1	0	                              	                              	                              	                              
     19023	   998-1-01	0	1	EA 	EA 	12/13/2004	500	1	0	1	1	1	1	500	                              	                              	                              	                              
     19024	   169-1-01	0	8	EA 	EA 	12/13/2004	17.5	8	0	8	8	8	8	140	                              	                              	                              	                              
     19024	   999-1-01	0	1	EA 	EA 	12/13/2004	15.24	1	0	0	0	1	1	15.24	                              	                              	                              	                              
     19024	   991-1-01	0	1	EA 	EA 	12/13/2004	8.75	1	0	0	0	1	1	8.75	                              	                              	                              	                              
     19026	   142-1-01	0	4	EA 	EA 	12/13/2004	39.2	4	0	4	4	4	4	0	                              	                              	                              	                              
     19026	   143-1-01	0	4	EA 	EA 	12/13/2004	29	4	0	4	4	4	4	0	                              	                              	                              	                              
     19026	   158-1-01	0	10	CS 	CS 	12/13/2004	22.77	10	0	10	10	10	10	0	                              	                              	                              	                              
     19027	 14186-1-03	0	10	CS 	LB 	12/06/2004	17.82	150	0	0	10	150	151.36	0	                              	                              	                              	                              
     19027	 15375-1-03	0	3	CS 	LB 	12/06/2004	21.41	45	0	0	3	45	45.62	0	                              	                              	                              	                              
     19027	 11002-1-03	0	5	CS 	LB 	12/06/2004	18.51	62.5	0	0	5	62.5	76.12	0	                              	                              	                              	                              
     19027	 14190-1-03	0	11	CS 	LB 	12/06/2004	18.05	88	0	0	11	88	96.25	0	                              	                              	                              	                              
     19027	 14255-1-03	0	2	CS 	LB 	12/06/2004	17.82	24	0	0	2	24	24.92	0	                              	                              	                              	                              
     19027	 18000-1-03	0	4	CS 	LB 	12/06/2004	8.86	36	0	0	4	36	34.76	0	                              	                              	                              	                              
     19027	 11010-1-03	0	5	CS 	LB 	12/06/2004	24.03	60	0	0	5	60	61	0	                              	                              	                              	                              
     19027	 11015-1-03	0	3	CS 	LBS	12/06/2004	24.03	45	0	0	3	45	45.7	0	                              	                              	                              	                              
     19027	 16054-1-03	0	16	CS 	LB 	12/06/2004	15.18	208	0	0	16	208	215.4	0	                              	                              	                              	                              
     19027	 32116-1-03	0	6	CS 	LBS	12/06/2004	5.36	420	0	0	6	420	450.2	0	                              	                              	                              	                              
     19027	 42302-1-03	0	8	CS 	LB 	12/06/2004	6.9	80	0	0	5.33	80	102.5	0	                              	                              	                              	                              
     19027	 43764-1-03	0	5	CS 	LB 	12/06/2004	3.35	250	0	0	5	250	256.3	0	                              	                              	                              	                              
     19027	 21404-1-03	0	2	CS 	LB 	12/06/2004	6.09	160	0	0	2	160	188.4	0	                              	                              	                              	                              
     19027	 42257-1-03	0	7	CS 	LB 	12/06/2004	3.25	420	0	0	7	420	70.6	0	                              	                              	                              	                              
     19027	 99004-2-03	0	2	CS 	EA 	12/06/2004	21.7	2	0	0	2	2	2	0	                              	                              	                              	                              
     19027	 14326-1-03	0	45	CS 	LB 	12/06/2004	5.5	1800	0	0	45	1800	0	0	                              	                              	                              	                              
     19027	 14330-1-03	0	4	CS 	LB 	12/06/2004	4.2	160	0	0	16	160	0	0	                              	                              	                              	                              
     19027	 99003-2-03	0	2	CS 	EA 	12/06/2004	18.4	2	0	0	2	2	2	0	                              	                              	                              	                              
     19027	 11510-1-03	0	6	CS 	LB 	12/06/2004	9.9	432	0	0	6	432	368.4	0	                              	                              	                              	                              
     19027	 18021-1-03	0	2	CS 	LB 	12/06/2004	12.45	2	0	0	0	2	27.88	0	                              	                              	                              	                              
     19027	 56851-2-03	0	7	CS 	LB 	12/06/2004	7.45	175	0	0	7	175	183.25	0	                              	                              	                              	                              
     19027	 16068-1-03	0	18	CS 	LB 	12/06/2004	15.33	18	0	0	18	18	161.58	0	                              	                              	                              	                              
     19030	   216-1-05	0	720	EA 	EA 	12/13/2004	5.87	720	0	720	720	720	720	0	                              	                              	                              	                              
     19031	   109-1-01	0	40	EA 	EA 	12/13/2004	12.4	40	0	40	40	40	40	0	                              	                              	                              	                              
     19031	   110-1-01	0	15	EA 	EA 	12/13/2004	13.1	15	0	15	15	15	15	0	                              	                              	                              	                              
     19031	   148-1-01	0	1	EA 	EA 	12/13/2004	77.28	1	0	1	1	1	1	0	                              	                              	                              	                              
     19031	   155-1-01	0	10	BX 	BX 	12/13/2004	32.73	10	0	10	10	10	10	0	                              	                              	                              	                              
     19031	   156-1-01	0	3	BX 	BX 	12/13/2004	29.73	3	0	3	3	3	3	0	                              	                              	                              	                              
     19031	   162-1-01	0	60	EA 	EA 	12/13/2004	3.17	60	0	60	60	60	60	0	                              	                              	                              	                              
     19031	   180-1-01	0	40	EA 	EA 	12/13/2004	6.85	40	0	40	40	40	40	0	                              	                              	                              	                              
     19031	   221-1-01	0	1	EA 	EA 	12/13/2004	41.24	1	0	1	1	1	1	0	                              	                              	                              	                              
     19031	   232-1-01	0	2	EA 	EA 	12/13/2004	50.87	2	0	2	2	2	2	0	                              	                              	                              	                              
     19031	   991-1-01	0	1	EA 	EA 	12/13/2004	21.24	1	0	0	0	1	1	0	                              	                              	                              	                              
     19032	   120-1-01	0	440	EA 	EA 	12/13/2004	0.58	440	440	440	440	440	440	0	                              	                              	                              	                              
     19032	   140-1-01	0	660	EA 	EA 	12/13/2004	1.14	660	0	660	660	660	660	0	                              	                              	                              	                              
     19033	   116-1-01	0	6000	EA 	EA 	12/13/2004	0.489	6000	0	6000	6000	6000	6000	0	                              	                              	                              	                              
     19033	   140-1-01	0	450	EA 	EA 	12/13/2004	1.033	450	0	450	450	450	450	0	                              	                              	                              	                              
     19035	   215-1-01	0	1404	EA 	EA 	12/13/2004	3.86	1404	0	1404	1404	1404	1404	0	                              	                              	                              	                              
     19038	   117-1-01	0	4	EA 	EA 	12/13/2004	29.95	4	0	4	4	4	4	0	                              	                              	                              	                              
     19038	   117-1-01	0	1	EA 	EA 	12/13/2004	102	1	0	1	1	1	1	0	                              	                              	                              	                              
     19038	   117-1-01	0	1	EA 	EA 	12/13/2004	149.95	1	0	1	1	1	1	0	                              	                              	                              	                              
     19038	   117-1-01	0	2	EA 	EA 	12/13/2004	90.25	2	0	2	2	2	2	0	                              	                              	                              	                              
     19038	   117-1-01	0	2	EA 	EA 	12/13/2004	24.5	2	0	2	2	2	2	0	                              	                              	                              	                              
     19038	   177-1-01	0	1	BX 	EA 	12/13/2004	173.69	1	0	1	1	1	1	0	                              	                              	                              	                              
     19038	     0-0-00	1	0	   	   	00/00/0000	0	0	0	0	0	0	0	0	INK AND TONER                 	AND DRUM                      	                              	
     19040	   998-1-01	0	21.4	EA 	EA 	12/07/2004	13.3	21.4	0	21.4	21.4	21.4	21.4	284.62	                              	                              	                              	                              
     19040	   998-1-01	0	10.75	EA 	EA 	12/07/2004	13.3	10.75	0	10.75	10.75	10.75	10.75	142.98	                              	                              	                              	                              
     19040	   998-1-01	0	10.7	EA 	EA 	12/07/2004	13.3	10.7	0	10.7	10.7	10.7	10.7	142.31	                              	                              	                              	                              
     19040	   998-1-01	0	12.65	EA 	EA 	12/07/2004	13.3	12.65	0	12.65	12.65	12.65	12.65	168.25	                              	                              	                              	                              
     19040	   998-1-01	0	10.7	EA 	EA 	12/07/2004	13.3	10.7	0	10.7	10.7	10.7	10.7	142.31	                              	                              	                              	                              
     19041	   122-1-01	0	80	CS 	CS 	12/20/2004	9.15	80	0	80	80	80	80	732	                              	                              	                              	                              
     19041	   999-1-01	0	1	EA 	EA 	12/20/2004	135	1	0	0	0	1	1	135	                              	                              	                              	                              
     19042	   147-1-01	0	25	CS 	CS 	12/20/2004	38.75	25	0	25	25	25	25	968.75	                              	                              	                              	                              
     19044	   214-1-01	0	2112	EA 	EA 	12/20/2004	3.87	2112	0	2112	2112	2112	2112	8173.44	                              	                              	                              	                              
     19044	   216-1-01	0	720	EA 	EA 	12/20/2004	5.87	720	0	720	720	720	720	4226.4	                              	                              	                              	                              
     19045	   135-1-01	0	968	EA 	EA 	12/20/2004	1.29	968	0	968	968	968	968	1248.72	                              	                              	                              	                              
     19046	   998-1-01	0	31.55	EA 	EA 	12/08/2004	11.6	31.55	0	31.55	31.55	31.55	31.55	0	                              	                              	                              	                              
     19046	   998-1-01	0	32.3	EA 	EA 	12/08/2004	11.6	32.3	0	32.3	32.3	32.3	32.3	0	                              	                              	                              	                              
     19046	   998-1-01	0	40	EA 	EA 	12/08/2004	13.78	40	0	40	40	40	40	0	                              	                              	                              	                              
     19046	   998-1-01	0	18.6	EA 	EA 	12/08/2004	20.67	18.6	0	18.6	18.6	18.6	18.6	0	                              	                              	                              	                              
     19048	  4141-1-01	0	500	BX 	LB 	12/21/2004	5.06	15000.1	1187.7	396	500	15000.1	1187.7	6009.76	                              	                              	                              	                              
     19049	  4141-1-01	0	500	BX 	LB 	12/28/2004	5.06	15000.1	1870	624	500	15000.1	1870	9462.2	                              	                              	                              	                              
     19050	   998-1-01	0	40	EA 	EA 	12/08/2004	10.5	40	0	40	40	40	40	0	                              	                              	                              	                              
     19050	   998-1-01	0	4.99	EA 	EA 	12/08/2004	15.75	4.99	0	4.99	4.99	4.99	4.99	0	                              	                              	                              	                              
     19050	   998-1-01	0	20.03	EA 	EA 	12/08/2004	10.5	20.03	0	20.03	20.03	20.03	20.03	0	                              	                              	                              	                              
     19050	   998-1-01	0	24.62	EA 	EA 	12/08/2004	10.5	24.62	0	24.62	24.62	24.62	24.62	0	                              	                              	                              	                              
     19051	 14186-1-03	0	5	CS 	LB 	12/09/2004	17.82	75	0	0	5	75	76.16	0	                              	                              	                              	                              
     19051	 15380-1-03	0	4	CS 	LB 	12/09/2004	21.41	35	0	0	4	35	35.36	0	                              	                              	                              	                              
     19051	 11002-1-03	0	2	CS 	LB 	12/09/2004	18.51	25	0	0	2	25	30.06	0	                              	                              	                              	                              
     19051	 14255-1-03	0	2	CS 	LB 	12/09/2004	17.82	24	0	0	2	24	25.05	0	                              	                              	                              	                              
     19051	 18001-1-03	0	10	CS 	LB 	12/09/2004	10.7	100	0	0	10	100	109.16	0	                              	                              	                              	                              
     19051	 11010-1-03	0	2	CS 	LB 	12/09/2004	24.03	24	0	0	2	24	24.3	0	                              	                              	                              	                              
     19051	 16054-1-03	0	6	CS 	LB 	12/09/2004	15.18	78	0	0	6	78	81.48	0	                              	                              	                              	                              
     19051	 36040-1-03	0	7	CS 	LB 	12/09/2004	9.4	7	0	0	0	7	88.12	0	                              	                              	                              	                              
     19051	 32116-1-03	0	4	CS 	LBS	12/09/2004	5.36	280	0	0	4	280	296.1	0	                              	                              	                              	                              
     19051	 11328-1-03	0	19	CS 	LB 	12/09/2004	5.98	1520	0	0	19	1520	1644.4	0	                              	                              	                              	                              
     19051	 21404-1-03	0	5	CS 	LB 	12/09/2004	6.09	400	0	0	5	400	447.6	0	                              	                              	                              	                              
     19051	 99000-2-03	0	6	CS 	EA 	12/09/2004	21.69	6	0	0	6	6	5	0	                              	                              	                              	                              
     19051	 35532-1-03	0	5	CS 	LBS	12/09/2004	9.84	68.75	0	0	5	68.75	73.7	0	                              	                              	                              	                              
     19051	 16070-1-03	0	4	CS 	LBS	12/09/2004	15.79	40	0	0	4	40	39.7	0	                              	                              	                              	                              
     19051	 12228-1-03	0	1	CS 	LB 	12/09/2004	16.25	40	0	0	1	40	41.2	0	                              	                              	                              	                              
     19051	 18021-1-03	0	17	CS 	LB 	12/09/2004	12.45	17	0	0	0	17	111.04	0	                              	                              	                              	                              
     19051	 18020-1-03	0	5	CS 	LB 	12/09/2004	10.7	5	0	0	0	5	62.76	0	                              	                              	                              	                              
     19051	 16049-1-03	0	5	CS 	LB 	12/09/2004	17.29	62.5	0	0	5	62.5	61.68	0	                              	                              	                              	                              
     19051	 34329-2-03	0	40	CS 	LB 	12/09/2004	3.9	400	0	0	11.11	400	397.2	0	                              	                              	                              	                              
     19052	   998-1-01	0	39.56	EA 	EA 	12/09/2004	11.11	39.56	0	39.56	39.56	39.56	39.56	0	                              	                              	                              	                              
     19052	   998-1-01	0	39.51	EA 	EA 	12/09/2004	11.9	39.51	0	39.51	39.51	39.51	39.51	0	                              	                              	                              	                              
     19052	   998-1-01	0	40	EA 	EA 	12/09/2004	11.11	40	0	40	40	40	40	0	                              	                              	                              	                              
     19052	   998-1-01	0	0.58	EA 	EA 	12/09/2004	16.66	0.58	0	0.58	0.58	0.58	0.58	0	                              	                              	                              	                              
     19052	   998-1-01	0	40	EA 	EA 	12/09/2004	11.11	40	0	40	40	40	40	0	                              	                              	                              	                              
     19052	   998-1-01	0	3.87	EA 	EA 	12/09/2004	16.66	3.87	0	3.87	3.87	3.87	3.87	0	                              	                              	                              	                              
     19053	 37362-1-01	0	250	LB 	LB 	12/10/2004	2.33	250	250	1	250	250	250	582.5	                              	                              	                              	                              
     19053	 37361-1-01	0	200	LB 	LB 	12/10/2004	2.17	200	200	1	200	200	200	434	                              	                              	                              	                              
     19054	   172-1-01	0	17	RL 	EA 	12/20/2004	217.04	17	0	17	17	17	17	0	                              	                              	                              	                              
     19056	 43633-1-01	0	120	BX 	LB 	12/14/2004	1.9	1200	1200	120	120	1200	1200	2280	                              	                              	                              	                              
     19057	 43601-1-01	0	300	BX 	LB 	12/17/2004	1.9	3000	3000	300	300	3000	3000	5700	                              	                              	                              	                              
     19057	 43610-1-01	0	50	BX 	LB 	12/17/2004	1.9	500	500	50	50	500	500	950	                              	                              	                              	                              
     19058	   117-1-01	0	1	EA 	EA 	12/27/2004	125.5	1	0	1	1	1	1	0	                              	                              	                              	                              
     19058	     0-0-00	1	0	   	   	00/00/0000	0	0	0	0	0	0	0	0	VISITOR PASSES                	                              	                              	                    
     19062	 43661-1-01	0	17	BX 	LB 	12/10/2004	1.73	255	170	17	17	255	170	294.1	                              	                              	                              	                              
     19062	 43611-1-01	0	73	BX 	LB 	12/10/2004	1.73	730	730	73	73	730	730	1262.9	                              	                              	                              	                              
     19062	 43666-1-01	0	10	BX 	LB 	12/10/2004	1.73	100	100	10	10	100	100	173	                              	                              	                              	                              
     19062	 41832-1-01	0	54	BX 	BX 	12/10/2004	19.3	54	324	55	54	54	324	6253.2	                              	                              	                              	                              
     19062	 47102-1-01	0	200	LB 	LB 	12/10/2004	1.85	200	200	1	10	200	200	370	                              	                              	                              	                              
     19062	 43622-1-01	0	5	BX 	LB 	12/10/2004	1.93	50	50	5	5	50	50	96.5	                              	                              	                              	                              
     19062	 47108-1-01	0	35	LB 	LB 	12/10/2004	2.23	35	35	1	3.5	35	35	78.05	                              	                              	                              	                              
     19064	 43611-1-01	0	30	BX 	LB 	12/13/2004	1.71	300	300	30	30	300	300	513	                              	                              	                              	                              
     19064	 43619-1-01	0	10	BX 	LB 	12/13/2004	1.71	100	100	10	10	100	100	171	                              	                              	                              	                              
     19064	 43618-1-01	0	2	BX 	LB 	12/13/2004	1.71	20	20	2	2	20	20	34.2	                              	                              	                              	                              
     19064	 47102-1-01	0	80	LB 	LB 	12/13/2004	1.81	80	80	1	4	80	80	144.8	                              	                              	                              	                              
     19064	 47104-1-01	0	10	LB 	LB 	12/13/2004	1.88	10	10	1	1	10	10	18.8	                              	                              	                              	                              
     19064	 43666-1-01	0	10	BX 	LB 	12/13/2004	1.71	100	100	10	10	100	100	171	                              	                              	                              	                              
     19064	 43622-1-01	0	10	BX 	LB 	12/13/2004	1.9	100	100	10	10	100	100	190	                              	                              	                              	                              
     19065	   141-1-01	0	1500	EA 	EA 	12/21/2004	0.529	1500	0	1500	1500	1500	1500	793.5	                              	                              	                              	                              
     19065	   120-1-01	0	1760	EA 	EA 	12/21/2004	0.69	1760	1760	1760	1760	1760	1760	1214.4	                              	                              	                              	                              
     19065	   135-1-01	0	400	EA 	EA 	12/21/2004	1.32	400	0	400	400	400	400	528	                              	                              	                              	                              
     19065	   118-1-01	0	1680	EA 	EA 	12/21/2004	0.95	1680	0	1680	1680	1680	1680	1596	                              	                              	                              	                              
     19065	   119-1-01	0	1680	EA 	EA 	12/21/2004	0.85	1680	0	1680	1680	1680	1680	1428	                              	                              	                              	                              
     19066	 14350-1-03	0	3	CS 	LB 	12/13/2004	18.05	37.5	0	0	3	37.5	38.24	0	                              	                              	                              	                              
     19066	 15375-1-03	0	10	CS 	LB 	12/13/2004	21.41	150	0	0	10	150	151.6	0	                              	                              	                              	                              
     19066	 11002-1-03	0	8	CS 	LB 	12/13/2004	18.51	100	0	0	8	100	121	0	                              	                              	                              	                              
     19066	 14255-1-03	0	2	CS 	LB 	12/13/2004	17.82	24	0	0	2	24	24.78	0	                              	                              	                              	                              
     19066	 18001-1-03	0	2	CS 	LB 	12/13/2004	10.7	20	0	0	2	20	21.7	0	                              	                              	                              	                              
     19066	 18000-1-03	0	4	CS 	LB 	12/13/2004	8.86	36	0	0	4	36	35.18	0	                              	                              	                              	                              
     19066	 11010-1-03	0	5	CS 	LB 	12/13/2004	24.03	60	0	0	5	60	60.72	0	                              	                              	                              	                              
     19066	 32116-1-03	0	2	CS 	LBS	12/13/2004	5.36	140	0	0	2	140	145.2	0	                              	                              	                              	                              
     19066	 11328-1-03	0	6	CS 	LB 	12/13/2004	19.75	480	0	0	6	480	566.6	0	                              	                              	                              	                              
     19066	 99002-2-03	0	25	CS 	EA 	12/13/2004	19.75	25	0	0	25	25	25	0	                              	                              	                              	                              
     19066	 35532-1-03	0	12	CS 	LBS	12/13/2004	9.84	165	0	0	12	165	173.66	0	                              	                              	                              	                              
     19066	 18021-1-03	0	5	CS 	LB 	12/13/2004	12.45	5	0	0	0	5	69.3	0	                              	                              	                              	                              
     19066	 18020-1-03	0	4	CS 	LB 	12/13/2004	10.7	4	0	0	0	4	51.9	0	                              	                              	                              	                              
     19066	 16049-1-03	0	15	CS 	LB 	12/13/2004	17.29	187.5	0	0	15	187.5	186.96	0	                              	                              	                              	                              
     19066	 15526-1-03	0	2	CS 	LB 	12/13/2004	9.97	2	0	0	0	2	20.62	0	                              	                              	                              	                              
     19067	 41832-1-01	0	36	BX 	BX 	12/13/2004	19	36	360	36	36	36	360	6840	                              	                              	                              	                              
     19068	   166-1-01	0	27	RL 	EA 	12/20/2004	166.13	27	0	27	27	27	27	0	                              	                              	                              	                              
     19068	   193-1-01	0	3	BX 	EA 	12/20/2004	38.2	3	0	3	3	3	3	0	                              	                              	                              	                              
     19068	   199-1-01	0	2	BX 	EA 	12/20/2004	207.03	2	0	2	2	2	2	0	                              	                              	                              	                              
     19068	   203-1-01	0	1	BX 	EA 	12/20/2004	54	1	0	1	1	1	1	0	                              	                              	                              	                              
     19069	   215-1-01	0	1404	EA 	EA 	12/28/2004	3.86	1404	0	1404	1404	1404	1404	0	                              	                              	                              	                              
     19070	 43611-1-01	0	25	BX 	LB 	12/14/2004	1.71	250	250	25	25	250	250	427.5	                              	                              	                              	                              
     19070	 43661-1-01	0	17	BX 	LB 	12/14/2004	1.71	255	160	16	17	255	160	273.6	                              	                              	                              	                              
     19070	 43666-1-01	0	9	BX 	LB 	12/14/2004	1.71	90	90	9	9	90	90	153.9	                              	                              	                              	                              
     19070	 43622-1-01	0	3	BX 	LB 	12/14/2004	1.9	30	30	3	3	30	30	57	                              	                              	                              	                              
     19070	 43619-1-01	0	4	BX 	LB 	12/14/2004	1.71	40	40	4	4	40	40	68.4	                              	                              	                              	                              
     19070	 47108-1-01	0	35	LB 	LB 	12/14/2004	2.19	35	35	1	3.5	35	35	76.65	                              	                              	                              	                              
     19070	 47102-1-01	0	60	LB 	LB 	12/14/2004	1.81	60	60	1	3	60	60	108.6	                              	                              	                              	                              
     19071	 43603-1-01	0	15	BX 	LB 	12/14/2004	1.9	150	150	15	15	150	150	285	                              	                              	                              	                              
     19072	 43603-1-01	0	40	BX 	LB 	12/17/2004	1.9	400	400	40	40	400	400	760	                              	                              	                              	                              
     19073	 37362-1-01	0	250	LB 	LB 	12/15/2004	2.31	250	250	1	250	250	250	577.5	                              	                              	                              	                              
     19073	 37361-1-01	0	200	LB 	LB 	12/15/2004	2.17	200	200	1	200	200	200	434	                              	                              	                              	                              
     19074	 83068-1-01	0	100	BX 	BX 	12/22/2004	6.78	100	50	50	100	100	50	339	                              	                              	                              	                              
     19074	 83025-1-01	0	100	BX 	BX 	12/22/2004	13.56	100	50	50	100	100	50	678	                              	                              	                              	                              
     19074	 83050-1-01	0	50	EA 	EA 	12/22/2004	13.56	50	50	50	50	50	50	678	                              	                              	                              	                              
     19075	 43603-1-01	0	140	BX 	LB 	12/22/2004	1.85	1400	1400	140	140	1400	1400	2590	                              	                              	                              	                              
     19075	 43633-1-01	0	50	BX 	LB 	12/22/2004	1.85	500	500	50	50	500	500	925	                              	                              	                              	                              
     19077	 99996-1-01	0	1	EA 	EA 	12/28/2004	485.2	1	0	0	0	1	1	0	APC BATTERY BACKUP 1000VA	                              	                              	                              
     19078	 47103-1-01	0	300	LB 	LB 	12/15/2004	1.88	300	300	8	7.5	300	300	564	                              	                              	                              	                              
     19081	 43622-1-01	0	5	BX 	LB 	12/15/2004	1.9	50	50	5	5	50	50	95	                              	                              	                              	                              
     19081	 43655-1-01	0	2	BX 	LB 	12/15/2004	1.9	20	20	2	2	20	20	38	                              	                              	                              	                              
     19081	 43618-1-01	0	1	BX 	LB 	12/15/2004	1.71	10	10	1	1	10	10	17.1	                              	                              	                              	                              
     19081	 47104-1-01	0	10	LB 	LB 	12/15/2004	1.88	10	10	1	1	10	10	18.8	                              	                              	                              	                              
     19081	 41832-1-01	0	39	BX 	BX 	12/15/2004	19	39	390	1195	39	39	390	7410	                              	                              	                              	                              
     19081	 43611-1-01	0	15	BX 	LB 	12/15/2004	1.71	150	150	15	15	150	150	256.5	                              	                              	                              	                              
     19081	 43666-1-01	0	10	BX 	LB 	12/15/2004	1.71	100	100	10	10	100	100	171	                              	                              	                              	                              
     19081	 47102-1-01	0	80	LB 	LB 	12/15/2004	1.81	80	80	1	4	80	80	144.8	                              	                              	                              	                              
     19082	 43619-1-01	0	10	BX 	LB 	12/15/2004	1.71	100	100	10	10	100	100	171	                              	                              	                              	                              
     19082	 43655-1-01	0	1	BX 	LB 	12/15/2004	1.9	10	10	1	1	10	10	19	                              	                              	                              	                              
     19082	 47102-1-01	0	10	LB 	LB 	12/15/2004	1.81	10	10	1	0.5	10	10	18.1	                              	                              	                              	                              
     19083	   256-1-01	0	10	BX 	EA 	12/30/2004	69.75	10	0	10	10	10	10	697.5	                              	                              	                              	                              
     19083	   991-1-01	0	1	EA 	EA 	12/30/2004	61.03	1	0	0	0	1	1	61.03	                              	                              	                              	                              
     19084	  9989-1-01	0	1	BX 	BX 	12/20/2004	63.56	1	1	1	1	1	1	0	                              	                              	                              	                              
     19084	  9988-1-01	0	5	BX 	BX 	12/20/2004	58.8	5	5	5	5	5	5	0	                              	                              	                              	                              
     19084	  9986-1-01	0	2	BX 	BX 	12/20/2004	35.88	2	2	2	2	2	2	0	                              	                              	                              	                              
     19084	  9987-1-01	0	2	BX 	BX 	12/20/2004	14.86	2	2	2	2	2	2	0	                              	                              	                              	                              
     19086	  7509-1-01	0	250	LB 	LB 	12/17/2004	3.05	250	250	4	50	250	250	762.5	                              	                              	                              	                              
     19086	  7147-1-01	0	250	LB 	LB 	12/17/2004	3.05	250	250	4	25	250	250	762.5	                              	                              	                              	                              
     19086	  7148-1-01	0	150	LB 	LB 	12/17/2004	3.05	150	150	3	15	150	150	457.5	                              	                              	                              	                              
     19087	  9039-1-01	0	10	BX 	BX 	12/20/2004	95.8	10	10	10	10	10	10	958	                              	                              	                              	                              
     19087	  9038-1-01	0	10	BX 	BX 	12/20/2004	77.2	10	10	10	10	10	10	772	                              	                              	                              	                              
     19087	  9046-1-01	0	10	BX 	BX 	12/20/2004	184.5	10	10	10	10	10	10	1845	                              	                              	                              	                              
     19089	  4021-1-01	0	184.5	LB 	LB 	12/20/2004	10.45	184.5	178.8	10	18.45	184.5	178.8	1868.46	                              	                              	                              	                              
     19089	  4023-1-01	0	268	LB 	LB 	12/20/2004	10.45	268	271.75	11	26.8	268	271.75	2839.79	                              	                              	                              	                              
     19093	  9003-1-01	0	10	BX 	BX 	12/22/2004	52.94	10	10	10	10	10	10	529.4	                              	                              	                              	                              
     19094	 99996-1-01	0	1	EA 	EA 	12/28/2004	1248.18	1	0	0	0	1	1	0	HP LASERJET 4250N B/W	                              	                              	                              
     19095	 14186-1-03	0	10	CS 	LB 	12/16/2004	17.34	150	0	0	10	150	152.3	0	                              	                              	                              	                              
     19095	 15375-1-03	0	5	CS 	LB 	12/16/2004	20.36	75	0	0	5	75	74.96	0	                              	                              	                              	                              
     19095	 11002-1-03	0	15	CS 	LB 	12/16/2004	18.29	187.5	0	0	15	187.5	226.92	0	                              	                              	                              	                              
     19095	 11000-1-03	0	10	CS 	LBS	12/16/2004	18.29	87.5	0	0	10	87.5	87.78	0	                              	                              	                              	                              
     19095	 14190-1-03	0	15	CS 	LB 	12/16/2004	17.34	120	0	0	15	120	130.72	0	                              	                              	                              	                              
     19095	 18001-1-03	0	5	CS 	LB 	12/16/2004	10.93	50	0	0	5	50	55.98	0	                              	                              	                              	                              
     19095	 18000-1-03	0	8	CS 	LB 	12/16/2004	9.21	72	0	0	8	72	71.46	0	                              	                              	                              	                              
     19095	 11010-1-03	0	10	CS 	LB 	12/16/2004	23.67	120	0	0	10	120	121.64	0	                              	                              	                              	                              
     19095	 16054-1-03	0	17	CS 	LB 	12/16/2004	16.06	221	0	0	17	221	229.72	0	                              	                              	                              	                              
     19095	 11442-1-03	0	6	CS 	LB 	12/16/2004	7.48	420	0	0	420	420	479.15	0	                              	                              	                              	                              
     19095	 11328-1-03	0	8	CS 	LB 	12/16/2004	6.16	640	0	0	8	640	634.3	0	                              	                              	                              	                              
     19095	 42257-2-03	0	100	CS 	LB 	12/16/2004	3.5	1000	0	0	25	1000	1004.16	0	                              	                              	                              	                              
     19095	 99002-2-03	0	25	CS 	EA 	12/16/2004	19.75	25	0	0	25	25	25	0	                              	                              	                              	                              
     19095	 66510-2-03	0	14	CS 	LB 	12/16/2004	4.05	420	0	0	14	420	414.35	0	                              	                              	                              	                              
     19095	 12228-1-03	0	1	CS 	LB 	12/16/2004	17.88	40	0	0	1	40	41.2	0	                              	                              	                              	                              
     19095	 18021-1-03	0	10	CS 	LB 	12/16/2004	12.83	10	0	0	0	10	139.86	0	                              	                              	                              	                              
     19095	 34329-2-03	0	40	CS 	LB 	12/16/2004	3.9	400	0	0	11.11	400	400.1	0	                              	                              	                              	                              
     19095	 24592-1-03	0	6	CS 	LB 	12/16/2004	6.03	6	0	0	0	6	52.88	0	                              	                              	                              	                              
     19096	   215-1-01	0	1404	EA 	EA 	12/28/2004	3.86	1404	0	1404	1404	1404	1404	0	                              	                              	                              	                              
     19096	   214-1-01	0	2112	EA 	EA 	12/28/2004	3.12	2112	0	2112	2112	2112	2112	0	                              	                              	                              	                              
     19096	   216-1-01	0	780	EA 	EA 	12/28/2004	5.87	780	0	780	780	780	780	0	                              	                              	                              	                              
     19097	 43604-1-01	0	3	BX 	LB 	12/16/2004	1.71	30	30	3	3	30	30	51.3	                              	                              	                              	                              
     19097	 43619-1-01	0	35	BX 	LB 	12/16/2004	1.71	350	350	35	35	350	350	598.5	                              	                              	                              	                              
     19097	 43656-1-01	0	6	BX 	LB 	12/16/2004	1.71	60	60	6	6	60	60	102.6	                              	                              	                              	                              
     19097	 47104-1-01	0	5	LB 	LB 	12/16/2004	1.88	5	5	1	0.5	5	5	9.4	                              	                              	                              	                              
     19097	 41832-1-01	0	5	BX 	BX 	12/16/2004	19	5	50	1211	5	5	50	950	                              	                              	                              	                              
     19097	 43622-1-01	0	10	BX 	LB 	12/16/2004	1.9	100	100	10	10	100	100	190	                              	                              	                              	                              
     19097	 43611-1-01	0	25	BX 	LB 	12/16/2004	1.71	250	250	25	25	250	250	427.5	                              	                              	                              	                              
     19097	 43666-1-01	0	5	BX 	LB 	12/16/2004	1.71	50	50	5	5	50	50	85.5	                              	                              	                              	                              
     19097	 47102-1-01	0	120	LB 	LB 	12/16/2004	1.81	120	120	1	6	120	120	217.2	                              	                              	                              	                              
     19098	  8136-1-01	0	40	BX 	LB 	12/23/2004	44.5	40	150	40	40	40	150	0	                              	                              	                              	                              
     19100	   503-1-01	0	480	EA 	EA 	12/27/2004	1.41	480	0	480	480	480	480	676.8	                              	                              	                              	                              
     19100	   132-1-01	0	750	EA 	EA 	12/27/2004	0.46	750	0	750	750	750	750	345	                              	                              	                              	                              
     19100	   120-1-01	0	440	EA 	EA 	12/27/2004	0.69	440	440	440	440	440	440	303.6	                              	                              	                              	                              
     19101	 37362-1-01	0	200	LB 	LB 	12/17/2004	2.31	200	200	1	200	200	200	462	                              	                              	                              	                              
